DBG:..\SRC\or_mw.c:85:proc_read_fifo(): Read FIFO Size=2056 from address 0x10000
DBG:..\SRC\or_mw.c:570:or_ez_IQ_mode(): Frame Interval=6917ms
40 04 02 00 FC B7 FE B6 FC 68 FE EC FC 4B FF 3F 
FC 3B FF C1 FC 47 00 00 FC 3F 00 75 FC 91 00 BD 
FC 8C 00 E2 FC C2 01 12 FC 9D 01 4E FC C6 01 DD 
FC E5 02 92 FD AC 03 75 FE 72 03 C4 FF E2 04 26 
frameEnd FIFO Pos=2052
IQ_DATA_START==================================
===== Chrip_1 32 points==================================
-841,-330
-920,-276
-949,-193
-965,-63
-953,0
-961,117
-879,189
-884,226
-830,274
-867,334
-826,477
-795,658
-596,885
-398,964
-30,1062
365,970
794,793
1111,342
1270,-160
1187,-780
877,-1268
441,-1707
-85,-1928
-682,-2023
-1316,-1887
-1842,-1609
-2320,-1114
-2512,-501
-2468,154
-2213,676
-1880,1085
-1404,1304
fft>=============================================
21029318.000000,11193646.000000
-34260760.000000,25373756.000000
-12629964.000000,4120334.750000
627002.750000,6107486.000000
-9185086.000000,5337987.500000
-19840946.000000,-2156498.750000
-10015422.000000,-3855925.500000
4468881.500000,1214529.250000
670961.000000,2593381.000000
-13807176.000000,61125.250000
-12288560.000000,-89817.000000
-305782.500000,-333492.250000
1560208.000000,-2476759.750000
-9201012.000000,-4429476.000000
-9447337.000000,65727.250000
494074.000000,1247795.500000
2581976.250000,-2812146.750000
-7185787.000000,-5595027.000000
-9404512.000000,72019.750000
537890.500000,1834466.500000
3550912.500000,-2956721.250000
-5560831.000000,-7046272.500000
-9397952.000000,-537007.500000
486818.500000,3170894.500000
5105208.000000,-2723050.500000
-4319025.000000,-8675108.000000
-10316028.000000,-1450680.500000
416448.000000,5602090.500000
7204001.000000,-2281345.750000
-2718020.750000,-12774125.000000
-12637932.000000,-2538589.500000
-1096685.000000,17611218.000000
17456102.000000,-17203804.000000
-12610176.000000,-9286902.000000
-11966734.000000,8492273.000000
9118192.000000,3655586.250000
7921223.000000,-11732271.000000
-10147499.000000,-7355962.000000
-8531894.000000,6674537.000000
8062717.500000,2551861.750000
6555508.000000,-10554670.000000
-8775202.000000,-6641670.000000
-7183185.500000,5802312.000000
7477273.500000,2101084.250000
6166563.500000,-9837224.000000
-7711390.000000,-6331387.500000
-6425255.000000,5245358.500000
7092302.000000,1966110.625000
6138666.500000,-9304946.000000
-6840192.500000,-6215432.000000
-5963601.000000,4858703.000000
6822748.500000,1994333.250000
6305216.500000,-8905071.000000
-6075418.000000,-6221400.000000
-5650298.000000,4608229.000000
6639063.500000,2168366.250000
6559083.500000,-8570987.000000
-5443826.000000,-6319318.500000
-5471336.000000,4410035.500000
6534555.500000,2373560.250000
6940493.000000,-8362438.000000
-4803247.000000,-6516128.000000
-5255426.000000,4313970.000000
6600597.000000,2759450.500000
7410376.000000,-8050941.500000
-4327914.000000,-6629176.000000
-5264406.500000,4327270.500000
6620823.000000,3132690.000000
7940139.500000,-7927066.500000
-3840078.500000,-6873471.000000
-5237102.000000,4432271.000000
6781035.500000,3644431.250000
8554669.000000,-7806252.000000
-3443104.500000,-7134966.000000
-5286619.500000,4651161.000000
7050412.500000,4240168.000000
9287013.000000,-7773210.000000
-3099471.250000,-7440290.000000
-5368898.500000,5051567.000000
7488437.500000,4994513.000000
10146822.000000,-7820474.000000
-2876104.250000,-7778993.000000
-5511417.000000,5707998.000000
8178385.500000,5939135.000000
11189582.000000,-8023578.000000
-2832260.000000,-8154060.500000
-5688106.000000,6800766.500000
9342282.000000,7195418.500000
12511464.000000,-8459758.000000
-3187568.750000,-8468298.000000
-5945030.500000,8792736.000000
11432280.000000,8952217.000000
14304983.000000,-9553834.000000
-4512057.000000,-8559351.000000
-6041744.000000,13365920.000000
17146692.000000,12245712.000000
19270938.000000,-14027159.000000
-19623896.000000,9365736.000000
-419341.000000,17481672.000000
10333876.000000,2452673.750000
-847815.000000,-7998144.500000
-9862009.000000,1451738.000000
-778178.000000,9980653.000000
8085919.500000,1705083.750000
1027860.000000,-6897917.500000
-6985653.000000,-349613.500000
-620822.000000,7696894.000000
7588476.500000,2009695.250000
2542429.500000,-5867837.500000
-5108571.000000,-976534.500000
-489782.250000,6879921.500000
7346982.000000,2848733.000000
3651963.500000,-4723314.500000
-3901956.500000,-1150954.000000
-612246.000000,6571931.000000
7118929.500000,3768109.250000
4658137.500000,-3733477.750000
-2811758.750000,-1290429.000000
-600748.250000,6522380.000000
7279238.500000,5007587.000000
6107523.500000,-2429663.000000
-1384347.750000,-1000495.500000
-325294.750000,7248383.500000
7969864.500000,7407920.000000
8480340.000000,2522.250000
651449.750000,338543.000000
-129866.750000,10669349.000000
10706811.000000,16484072.000000
